<DATE>	<TIME>	<OPEN>	<HIGH>	<LOW>	<CLOSE>	<TICKVOL>	<VOL>	<SPREAD>
2026.01.05	23:50	1.17300	1.17311	1.17286	1.17303	35	0	3
2026.01.05	23:51	1.17303	1.17319	1.17301	1.17311	9	0	1
2026.01.05	23:52	1.17311	1.17326	1.17291	1.17302	34	0	2
2026.01.05	23:53	1.17302	1.17304	1.17279	1.17292	41	0	3
2026.01.05	23:54	1.17292	1.17296	1.17277	1.17290	9	0	3
2026.01.05	23:55	1.17290	1.17321	1.17288	1.17309	21	0	2
2026.01.05	23:56	1.17309	1.17313	1.17283	1.17291	38	0	1
2026.01.05	23:57	1.17291	1.17292	1.17282	1.17292	30	0	2
2026.01.05	23:58	1.17292	1.17313	1.17280	1.17300	17	0	3
2026.01.05	23:59	1.17300	1.17314	1.17295	1.17297	41	0	1
2026.01.06	00:00	1.17297	1.17304	1.17278	1.17278	14	0	3
2026.01.06	00:01	1.17278	1.17283	1.17259	1.17268	37	0	2
2026.01.06	00:02	1.17268	1.17289	1.17259	1.17280	11	0	1
2026.01.06	00:03	1.17280	1.17294	1.17248	1.17263	17	0	3
2026.01.06	00:04	1.17263	1.17269	1.17251	1.17252	9	0	1
2026.01.06	00:05	1.17252	1.17260	1.17231	1.17246	24	0	2
2026.01.06	00:06	1.17246	1.17255	1.17234	1.17240	8	0	3
2026.01.06	00:07	1.17240	1.17252	1.17234	1.17237	35	0	2
2026.01.06	00:08	1.17237	1.17257	1.17230	1.17248	24	0	1
2026.01.06	00:09	1.17248	1.17253	1.17220	1.17228	19	0	3
2026.01.06	00:10	1.17228	1.17250	1.17227	1.17241	46	0	2
2026.01.06	00:11	1.17241	1.17247	1.17240	1.17245	41	0	3
2026.01.06	00:12	1.17245	1.17257	1.17234	1.17244	42	0	2
2026.01.06	00:13	1.17244	1.17251	1.17228	1.17229	44	0	2
2026.01.06	00:14	1.17229	1.17245	1.17228	1.17237	11	0	2
2026.01.06	00:15	1.17237	1.17251	1.17235	1.17235	45	0	3
2026.01.06	00:16	1.17235	1.17248	1.17227	1.17239	26	0	2
2026.01.06	00:17	1.17239	1.17242	1.17227	1.17228	21	0	3
2026.01.06	00:18	1.17228	1.17236	1.17217	1.17233	19	0	3
2026.01.06	00:19	1.17233	1.17252	1.17232	1.17248	29	0	3
2026.01.06	00:20	1.17248	1.17258	1.17237	1.17254	45	0	1
2026.01.06	00:21	1.17254	1.17258	1.17232	1.17235	26	0	1
2026.01.06	00:22	1.17235	1.17250	1.17234	1.17246	15	0	2
2026.01.06	00:23	1.17246	1.17258	1.17228	1.17228	42	0	1
2026.01.06	00:24	1.17228	1.17239	1.17216	1.17236	20	0	2
2026.01.06	00:25	1.17236	1.17244	1.17226	1.17238	36	0	3
2026.01.06	00:26	1.17238	1.17243	1.17225	1.17234	39	0	3
2026.01.06	00:27	1.17234	1.17235	1.17229	1.17230	43	0	2
2026.01.06	00:28	1.17230	1.17246	1.17218	1.17233	41	0	3
2026.01.06	00:29	1.17233	1.17239	1.17209	1.17215	9	0	2
